Validation Traj:[0.07464763 0.15151057 0.16697441]
MSE losses:[0.07464763 0.15151057 0.16697441]
Min: 0.074647
Mean: 0.131044
Std: 0.040375

Smooth Unseen Traj 
MSE losses:[0.13896932 0.1332817  0.12703187]
Min: 0.127031
Mean: 0.133094
Std: 0.004875

Random Unseen Traj 
MSE losses:[0.1807258  0.18344989 0.18491686]
Min: 0.180725
Mean: 0.183030
Std: 0.001736
