Validation Traj:[0.00208354 0.00240687 0.00219174]
MSE losses:[0.00208354 0.00240687 0.00219174]
Min: 0.002083
Mean: 0.002227
Std: 0.000134

Smooth Unseen Traj 
MSE losses:[0.00580305 0.00813654 0.00589518]
Min: 0.005803
Mean: 0.006611
Std: 0.001078

Random Unseen Traj 
MSE losses:[0.06200561 0.06449893 0.06224401]
Min: 0.062005
Mean: 0.062916
Std: 0.001123
