Validation Traj:[0.00074802 0.00058723 0.00063365]
MSE losses:[0.00074802 0.00058723 0.00063365]
Min: 0.000587
Mean: 0.000656
Std: 6.757031

Smooth Unseen Traj 
MSE losses:[0.01268826 0.00867286 0.01040895]
Min: 0.008672
Mean: 0.010590
Std: 0.001644

Random Unseen Traj 
MSE losses:[0.01153109 0.01159464 0.01174358]
Min: 0.011531
Mean: 0.011623
Std: 8.905029
