Validation Traj:[0.00204315 0.00213007 0.00205169]
MSE losses:[0.00204315 0.00213007 0.00205169]
Min: 0.002043
Mean: 0.002074
Std: 3.911591

Smooth Unseen Traj 
MSE losses:[0.00867937 0.00664075 0.00615677]
Min: 0.006156
Mean: 0.007158
Std: 0.001093

Random Unseen Traj 
MSE losses:[0.06283575 0.0644622  0.06181921]
Min: 0.061819
Mean: 0.063039
Std: 0.001088
