Validation Traj:[0.07568797 0.35183723 0.05096317]
MSE losses:[0.07568797 0.35183723 0.05096317]
Min: 0.050963
Mean: 0.159496
Std: 0.136379

Smooth Unseen Traj 
MSE losses:[0.21122267 0.16880511 0.2191335 ]
Min: 0.168805
Mean: 0.199720
Std: 0.022097

Random Unseen Traj 
MSE losses:[0.54807466 0.29549767 0.42789687]
Min: 0.295497
Mean: 0.423823
Std: 0.103154
