Validation Traj:[0.00074258 0.00070862 0.00075252]
MSE losses:[0.00074258 0.00070862 0.00075252]
Min: 0.000708
Mean: 0.000734
Std: 1.879460

Smooth Unseen Traj 
MSE losses:[0.01027851 0.01141721 0.01153423]
Min: 0.010278
Mean: 0.011076
Std: 0.000566

Random Unseen Traj 
MSE losses:[0.0177542  0.01976621 0.01734275]
Min: 0.017342
Mean: 0.018287
Std: 0.001058
