Validation Traj:[0.00168696 0.00141593 0.0012274 ]
MSE losses:[0.00168696 0.00141593 0.0012274 ]
Min: 0.001227
Mean: 0.001443
Std: 0.000188

Smooth Unseen Traj 
MSE losses:[0.06994236 0.08969801 0.06447586]
Min: 0.064475
Mean: 0.074705
Std: 0.010833

Random Unseen Traj 
MSE losses:[0.12901571 0.10504938 0.12125973]
Min: 0.105049
Mean: 0.118441
Std: 0.009985
