Validation Traj:[0.02278218 0.02281586 0.0224365 ]
MSE losses:[0.02278218 0.02281586 0.0224365 ]
Min: 0.022436
Mean: 0.022678
Std: 0.000171

Smooth Unseen Traj 
MSE losses:[0.0133727  0.01166662 0.01348712]
Min: 0.011666
Mean: 0.012842
Std: 0.000832

Random Unseen Traj 
MSE losses:[0.0328884  0.03151959 0.02849274]
Min: 0.028492
Mean: 0.030966
Std: 0.001836
