Validation Traj:[0.00053354 0.00050076 0.00062483]
MSE losses:[0.00053354 0.00050076 0.00062483]
Min: 0.000500
Mean: 0.000553
Std: 5.249476

Smooth Unseen Traj 
MSE losses:[0.01301784 0.01143239 0.01236657]
Min: 0.011432
Mean: 0.012272
Std: 0.000650

Random Unseen Traj 
MSE losses:[0.01452119 0.01277397 0.01085744]
Min: 0.010857
Mean: 0.012717
Std: 0.001496
