Validation Traj:[0.02264985 0.02262009 0.02272365]
MSE losses:[0.02264985 0.02262009 0.02272365]
Min: 0.022620
Mean: 0.022664
Std: 4.353392

Smooth Unseen Traj 
MSE losses:[0.01481366 0.01437546 0.01584791]
Min: 0.014375
Mean: 0.015012
Std: 0.000617

Random Unseen Traj 
MSE losses:[0.02925834 0.02918446 0.02826095]
Min: 0.028260
Mean: 0.028901
Std: 0.000453
