Validation Traj:[0.00124495 0.00143477 0.00141137]
MSE losses:[0.00124495 0.00143477 0.00141137]
Min: 0.001244
Mean: 0.001363
Std: 8.450683

Smooth Unseen Traj 
MSE losses:[0.05512578 0.08810803 0.05849041]
Min: 0.055125
Mean: 0.067241
Std: 0.014818

Random Unseen Traj 
MSE losses:[0.12165565 0.09235822 0.10684394]
Min: 0.092358
Mean: 0.106952
Std: 0.011960
