Validation Traj:[0.05345492 0.12031528 0.08597681]
MSE losses:[0.05345492 0.12031528 0.08597681]
Min: 0.053454
Mean: 0.086582
Std: 0.027298

Smooth Unseen Traj 
MSE losses:[0.16723513 0.17762935 0.18717221]
Min: 0.167235
Mean: 0.177345
Std: 0.008141

Random Unseen Traj 
MSE losses:[0.16907014 0.18496122 0.19289759]
Min: 0.169070
Mean: 0.182309
Std: 0.009906
