Validation Traj:[0.00149527 0.00150766 0.00188173]
MSE losses:[0.00149527 0.00150766 0.00188173]
Min: 0.001495
Mean: 0.001628
Std: 0.000179

Smooth Unseen Traj 
MSE losses:[0.09134532 0.09326442 0.09380478]
Min: 0.091345
Mean: 0.092804
Std: 0.001055

Random Unseen Traj 
MSE losses:[0.1221787  0.09950902 0.09813935]
Min: 0.098139
Mean: 0.106609
Std: 0.011023
