Validation Traj:[0.00136006 0.00156779 0.00192091]
MSE losses:[0.00136006 0.00156779 0.00192091]
Min: 0.001360
Mean: 0.001616
Std: 0.000231

Smooth Unseen Traj 
MSE losses:[0.08380509 0.07756251 0.09177877]
Min: 0.077562
Mean: 0.084382
Std: 0.005818

Random Unseen Traj 
MSE losses:[0.11937047 0.12755445 0.11162569]
Min: 0.111625
Mean: 0.119516
Std: 0.006503
