Validation Traj:[0.04899462 1.03777689 0.23943147]
MSE losses:[0.04899462 1.03777689 0.23943147]
Min: 0.048994
Mean: 0.442067
Std: 0.428344

Smooth Unseen Traj 
MSE losses:[0.17746007 0.27066605 0.27966541]
Min: 0.177460
Mean: 0.242597
Std: 0.046205

Random Unseen Traj 
MSE losses:[0.21072953 0.18870819 0.26874245]
Min: 0.188708
Mean: 0.222726
Std: 0.033757
