Validation Traj:[0.00058792 0.00064688 0.00066651]
MSE losses:[0.00058792 0.00064688 0.00066651]
Min: 0.000587
Mean: 0.000633
Std: 3.339688

Smooth Unseen Traj 
MSE losses:[0.00941828 0.01296022 0.00960438]
Min: 0.009418
Mean: 0.010660
Std: 0.001627

Random Unseen Traj 
MSE losses:[0.01301632 0.01201159 0.01230234]
Min: 0.012011
Mean: 0.012443
Std: 0.000422
