Validation Traj:[0.00083497 0.00045263 0.00050102]
MSE losses:[0.00083497 0.00045263 0.00050102]
Min: 0.000452
Mean: 0.000596
Std: 0.000169

Smooth Unseen Traj 
MSE losses:[0.03748473 0.03911392 0.03927133]
Min: 0.037484
Mean: 0.038623
Std: 0.000807

Random Unseen Traj 
MSE losses:[0.06919172 0.05990746 0.06147424]
Min: 0.059907
Mean: 0.063524
Std: 0.004058
