Validation Traj:[0.00095765 0.00100791 0.00088046]
MSE losses:[0.00095765 0.00100791 0.00088046]
Min: 0.000880
Mean: 0.000948
Std: 5.241729

Smooth Unseen Traj 
MSE losses:[0.01436683 0.01089922 0.01186295]
Min: 0.010899
Mean: 0.012376
Std: 0.001461

Random Unseen Traj 
MSE losses:[0.0172436  0.01365058 0.01305493]
Min: 0.013054
Mean: 0.014649
Std: 0.001850
