Validation Traj:[0.00210778 0.0020976  0.00233222]
MSE losses:[0.00210778 0.0020976  0.00233222]
Min: 0.002097
Mean: 0.002179
Std: 0.000108

Smooth Unseen Traj 
MSE losses:[0.00600353 0.00617901 0.00873244]
Min: 0.006003
Mean: 0.006971
Std: 0.001247

Random Unseen Traj 
MSE losses:[0.06318365 0.06168514 0.06204819]
Min: 0.061685
Mean: 0.062305
Std: 0.000638
