Validation Traj:[0.00218908 0.00211902 0.00226125]
MSE losses:[0.00218908 0.00211902 0.00226125]
Min: 0.002119
Mean: 0.002189
Std: 5.806726

Smooth Unseen Traj 
MSE losses:[0.00445189 0.00629862 0.00632305]
Min: 0.004451
Mean: 0.005691
Std: 0.000876

Random Unseen Traj 
MSE losses:[0.06260707 0.062937   0.06259685]
Min: 0.062596
Mean: 0.062713
Std: 0.000157
