Validation Traj:[0.02407642 0.02659312 0.02482109]
MSE losses:[0.02407642 0.02659312 0.02482109]
Min: 0.024076
Mean: 0.025163
Std: 0.001055

Smooth Unseen Traj 
MSE losses:[0.01005848 0.01473153 0.01166733]
Min: 0.010058
Mean: 0.012152
Std: 0.001938

Random Unseen Traj 
MSE losses:[0.02942782 0.03740109 0.03477667]
Min: 0.029427
Mean: 0.033868
Std: 0.003317
