Validation Traj:[0.02114664 0.02176241 0.02207953]
MSE losses:[0.02114664 0.02176241 0.02207953]
Min: 0.021146
Mean: 0.021662
Std: 0.000387

Smooth Unseen Traj 
MSE losses:[0.01231415 0.01338883 0.01308602]
Min: 0.012314
Mean: 0.012929
Std: 0.000452

Random Unseen Traj 
MSE losses:[0.04051108 0.03926284 0.03425497]
Min: 0.034254
Mean: 0.038009
Std: 0.002703
