Validation Traj:[0.00079702 0.00078557 0.00081702]
MSE losses:[0.00079702 0.00078557 0.00081702]
Min: 0.000785
Mean: 0.000799
Std: 1.299931

Smooth Unseen Traj 
MSE losses:[0.01161166 0.01192974 0.0195797 ]
Min: 0.011611
Mean: 0.014373
Std: 0.003683

Random Unseen Traj 
MSE losses:[0.01392779 0.0112393  0.01293651]
Min: 0.011239
Mean: 0.012701
Std: 0.001110
