Validation Traj:[0.00123011 0.00177625 0.00170392]
MSE losses:[0.00123011 0.00177625 0.00170392]
Min: 0.001230
Mean: 0.001570
Std: 0.000242

Smooth Unseen Traj 
MSE losses:[0.10537893 0.10039784 0.10010899]
Min: 0.100108
Mean: 0.101961
Std: 0.002419

Random Unseen Traj 
MSE losses:[0.11429172 0.12606315 0.11443721]
Min: 0.114291
Mean: 0.118264
Std: 0.005515
