Validation Traj:[0.00116029 0.00117685 0.0015253 ]
MSE losses:[0.00116029 0.00117685 0.0015253 ]
Min: 0.001160
Mean: 0.001287
Std: 0.000168

Smooth Unseen Traj 
MSE losses:[0.05794322 0.05916072 0.0671696 ]
Min: 0.057943
Mean: 0.061424
Std: 0.004092

Random Unseen Traj 
MSE losses:[0.10550523 0.13714695 0.1060126 ]
Min: 0.105505
Mean: 0.116221
Std: 0.014797
