Validation Traj:[0.00086817 0.00087952 0.00084569]
MSE losses:[0.00086817 0.00087952 0.00084569]
Min: 0.000845
Mean: 0.000864
Std: 1.405456

Smooth Unseen Traj 
MSE losses:[0.01212115 0.01231472 0.01485196]
Min: 0.012121
Mean: 0.013095
Std: 0.001244

Random Unseen Traj 
MSE losses:[0.0157738  0.01309729 0.01195745]
Min: 0.011957
Mean: 0.013609
Std: 0.001599
