Validation Traj:[0.00061308 0.00039459 0.0006211 ]
MSE losses:[0.00061308 0.00039459 0.0006211 ]
Min: 0.000394
Mean: 0.000542
Std: 0.000104

Smooth Unseen Traj 
MSE losses:[0.03820767 0.03564488 0.03262083]
Min: 0.032620
Mean: 0.035491
Std: 0.002283

Random Unseen Traj 
MSE losses:[0.06398923 0.05935337 0.06194931]
Min: 0.059353
Mean: 0.061763
Std: 0.001897
