Validation Traj:[0.02365743 0.0227591  0.02234498]
MSE losses:[0.02365743 0.0227591  0.02234498]
Min: 0.022344
Mean: 0.022920
Std: 0.000547

Smooth Unseen Traj 
MSE losses:[0.01225664 0.0141947  0.01421852]
Min: 0.012256
Mean: 0.013556
Std: 0.000919

Random Unseen Traj 
MSE losses:[0.03771058 0.02601668 0.02645275]
Min: 0.026016
Mean: 0.030060
Std: 0.005412
