Validation Traj:[0.00067994 0.00066853 0.00071352]
MSE losses:[0.00067994 0.00066853 0.00071352]
Min: 0.000668
Mean: 0.000687
Std: 1.909763

Smooth Unseen Traj 
MSE losses:[0.01297602 0.01075364 0.00952919]
Min: 0.009529
Mean: 0.011086
Std: 0.001426

Random Unseen Traj 
MSE losses:[0.01404306 0.01162962 0.0149012 ]
Min: 0.011629
Mean: 0.013524
Std: 0.001385
