Validation Traj:[0.00180519 0.00132021 0.00194946]
MSE losses:[0.00180519 0.00132021 0.00194946]
Min: 0.001320
Mean: 0.001691
Std: 0.000269

Smooth Unseen Traj 
MSE losses:[0.07337352 0.0842112  0.10558304]
Min: 0.073373
Mean: 0.087722
Std: 0.013381

Random Unseen Traj 
MSE losses:[0.1187752  0.12778276 0.07889454]
Min: 0.078894
Mean: 0.108484
Std: 0.021243
