Validation Traj:[0.00076833 0.00074455 0.00071604]
MSE losses:[0.00076833 0.00074455 0.00071604]
Min: 0.000716
Mean: 0.000742
Std: 2.137622

Smooth Unseen Traj 
MSE losses:[0.01233249 0.01105265 0.01163168]
Min: 0.011052
Mean: 0.011672
Std: 0.000523

Random Unseen Traj 
MSE losses:[0.00848239 0.01180732 0.01096117]
Min: 0.008482
Mean: 0.010416
Std: 0.001410
