Validation Traj:[0.00129352 0.00179855 0.00169086]
MSE losses:[0.00129352 0.00179855 0.00169086]
Min: 0.001293
Mean: 0.001594
Std: 0.000217

Smooth Unseen Traj 
MSE losses:[0.07123065 0.08556302 0.08224611]
Min: 0.071230
Mean: 0.079679
Std: 0.006126

Random Unseen Traj 
MSE losses:[0.11468415 0.1045434  0.1220761 ]
Min: 0.104543
Mean: 0.113767
Std: 0.007186
