Validation Traj:[0.00153791 0.00132346 0.00113694]
MSE losses:[0.00153791 0.00132346 0.00113694]
Min: 0.001136
Mean: 0.001332
Std: 0.000163

Smooth Unseen Traj 
MSE losses:[0.1049595  0.0718508  0.08716902]
Min: 0.071850
Mean: 0.087993
Std: 0.013529

Random Unseen Traj 
MSE losses:[0.08679739 0.12144725 0.10562962]
Min: 0.086797
Mean: 0.104624
Std: 0.014163
