Validation Traj:[0.00049149 0.00051849 0.00064846]
MSE losses:[0.00049149 0.00051849 0.00064846]
Min: 0.000491
Mean: 0.000552
Std: 6.852449

Smooth Unseen Traj 
MSE losses:[0.00926709 0.00993826 0.0101323 ]
Min: 0.009267
Mean: 0.009779
Std: 0.000370

Random Unseen Traj 
MSE losses:[0.01040402 0.01207793 0.01008529]
Min: 0.010085
Mean: 0.010855
Std: 0.000873
