Validation Traj:[0.00225526 0.0021057  0.00199624]
MSE losses:[0.00225526 0.0021057  0.00199624]
Min: 0.001996
Mean: 0.002119
Std: 0.000106

Smooth Unseen Traj 
MSE losses:[0.00550589 0.00487425 0.0062282 ]
Min: 0.004874
Mean: 0.005536
Std: 0.000553

Random Unseen Traj 
MSE losses:[0.06278422 0.06279585 0.06273977]
Min: 0.062739
Mean: 0.062773
Std: 2.416525
