Validation Traj:[0.15462609 0.09236617 0.18550853]
MSE losses:[0.15462609 0.09236617 0.18550853]
Min: 0.092366
Mean: 0.144166
Std: 0.038737

Smooth Unseen Traj 
MSE losses:[0.21817721 0.37230646 0.18418137]
Min: 0.184181
Mean: 0.258221
Std: 0.081855

Random Unseen Traj 
MSE losses:[0.25410037 0.26522054 0.4274375 ]
Min: 0.254100
Mean: 0.315586
Std: 0.079221
