Validation Traj:[0.0009004  0.00048902 0.00060125]
MSE losses:[0.0009004  0.00048902 0.00060125]
Min: 0.000489
Mean: 0.000663
Std: 0.000173

Smooth Unseen Traj 
MSE losses:[0.03651945 0.0365142  0.03347746]
Min: 0.033477
Mean: 0.035503
Std: 0.001432

Random Unseen Traj 
MSE losses:[0.05562779 0.06341782 0.05323256]
Min: 0.053232
Mean: 0.057426
Std: 0.004348
